%YAML:1.0
---
matches: [ 4, 1752, 5, 68, 7, 2106, 9, 3285, 11, 2986, 12, 2682, 13,
    1749, 14, 2031, 15, 2059, 18, 1200, 19, 1160, 19, 3241, 20, 3076, 21,
    918, 23, 2246, 24, 1750, 25, 473, 26, 3293, 27, 2184, 28, 2647, 29,
    2060, 30, 2122, 31, 2718, 33, 912, 34, 836, 35, 2038, 36, 1286, 37,
    2433, 38, 3828, 40, 1751, 41, 1813, 42, 1875, 43, 75, 44, 3187, 45,
    428, 46, 1999, 47, 2061, 48, 2923, 49, 654, 50, 654, 51, 1680, 52,
    2197, 53, 2660, 54, 2620, 55, 971, 56, 3409, 57, 2558, 58, 971, 59,
    602, 60, 2479, 61, 1752, 62, 2372, 63, 3400, 64, 1814, 65, 2310, 66,
    1876, 68, 2461, 70, 2826, 71, 2869, 72, 1665, 73, 2062, 74, 1413, 77,
    3347, 78, 1098, 79, 1089, 80, 857, 82, 2198, 85, 2939, 86, 2621, 87,
    2780, 88, 1412, 89, 3561, 90, 3155, 91, 1629, 93, 3778, 94, 998, 95,
    1753, 96, 2932, 97, 2888, 98, 1815, 99, 899, 100, 1877, 101, 2311,
    102, 3125, 103, 2063, 104, 2125, 105, 2870, 106, 654, 107, 1402, 108,
    2187, 109, 1382, 110, 2808, 111, 2197, 112, 1763, 113, 227, 114,
    3470, 115, 2622, 116, 254, 117, 2924, 118, 242, 119, 2995, 120, 2748,
    121, 2498, 122, 1754, 123, 1816, 124, 1721, 125, 1659, 126, 2933,
    127, 3632, 128, 1878, 129, 844, 130, 2250, 131, 2312, 133, 2064, 134,
    2126, 135, 2188, 136, 2871, 137, 1455, 138, 1577, 139, 1445, 140,
    2809, 141, 1507, 142, 2747, 143, 1136, 144, 2685, 145, 3632, 146,
    358, 147, 2623, 148, 1693, 149, 2561, 150, 1755, 151, 2996, 152,
    2499, 153, 1817, 154, 1879, 155, 2437, 156, 2207, 157, 1820, 158,
    1941, 160, 2934, 161, 2003, 162, 2251, 165, 2065, 166, 2127, 167,
    2189, 168, 2872, 169, 1446, 171, 986, 172, 1508, 173, 2810, 175,
    2748, 176, 1570, 177, 3965, 179, 276, 180, 2686, 181, 3059, 182,
    1261, 183, 1102, 184, 2624, 185, 1756, 186, 3120, 187, 1323, 188,
    1818, 189, 2779, 191, 829, 192, 2997, 193, 1880, 194, 2438, 195,
    1942, 196, 1385, 197, 2004, 198, 1452, 199, 2066, 200, 2128, 201,
    1287, 202, 2190, 203, 2252, 204, 2935, 205, 1447, 206, 891, 207,
    1793, 208, 2873, 209, 2817, 210, 2811, 211, 953, 212, 1571, 213, 564,
    214, 2480, 215, 3738, 216, 2749, 219, 3344, 220, 2687, 221, 1757,
    222, 3060, 223, 1324, 224, 2625, 225, 164, 226, 830, 227, 1819, 228,
    3938, 229, 1881, 230, 3842, 231, 1386, 232, 3563, 233, 2998, 234,
    3247, 235, 2005, 236, 2753, 237, 2067, 238, 598, 239, 892, 240, 2129,
    241, 2191, 242, 2253, 243, 2315, 244, 1252, 245, 1448, 246, 2936,
    248, 3310, 249, 954, 250, 2826, 251, 2874, 252, 2969, 253, 1572, 254,
    131, 255, 1634, 257, 70, 258, 406, 259, 1153, 260, 2942, 262, 1325,
    263, 3825, 264, 2688, 266, 1820, 267, 2626, 268, 3061, 269, 2437,
    270, 2564, 271, 225, 272, 1387, 274, 3885, 275, 2502, 276, 2006, 277,
    3544, 278, 3309, 279, 1506, 280, 2999, 281, 3248, 282, 2302, 283,
    2956, 284, 2192, 285, 931, 287, 2254, 288, 2316, 289, 1140, 292,
    2937, 293, 755, 294, 1573, 295, 2875, 297, 1017, 298, 1635, 300,
    3086, 301, 151, 302, 3124, 303, 3859, 304, 1079, 305, 2868, 306,
    1830, 307, 2689, 309, 1452, 310, 1388, 311, 3608, 312, 2851, 313,
    390, 314, 1141, 315, 1945, 318, 2007, 319, 2887, 320, 3078, 321, 997,
    322, 2441, 324, 2255, 325, 2317, 326, 105, 327, 1455, 328, 1809, 329,
    1382, 330, 46, 331, 1981, 332, 2113, 334, 2825, 335, 2461, 335, 808,
    336, 1636, 337, 1996, 338, 2664, 339, 2770, 340, 2814, 341, 1080,
    342, 1760, 343, 2487, 344, 11, 345, 3125, 346, 439, 347, 2040, 348,
    818, 349, 2690, 350, 1142, 351, 2919, 352, 772, 353, 103, 354, 3208,
    355, 1872, 356, 2625, 357, 2008, 358, 277, 359, 2070, 360, 2132, 361,
    3346, 362, 3105, 363, 2256, 364, 2442, 365, 1280, 366, 3607, 367,
    2318, 368, 2148, 369, 533, 370, 1810, 371, 1266, 372, 3028, 373,
    1637, 376, 2755, 377, 3188, 378, 3949, 379, 1837, 380, 1699, 381,
    3595, 382, 1761, 383, 2815, 384, 3309, 385, 2883, 386, 1143, 387,
    2753, 388, 3126, 389, 2065, 390, 49, 391, 3448, 392, 1025, 393, 2952,
    394, 107, 395, 2009, 396, 963, 397, 1205, 398, 2071, 399, 3064, 400,
    2438, 401, 2133, 402, 2949, 403, 2195, 404, 2505, 405, 2257, 406,
    2319, 407, 2381, 408, 2443, 409, 835, 410, 1875, 411, 1422, 412,
    1267, 413, 3002, 414, 2031, 415, 3516, 416, 902, 417, 2940, 418,
    1615, 419, 1915, 420, 1991, 423, 3189, 424, 1762, 425, 2878, 426,
    1242, 426, 347, 427, 2760, 428, 1288, 429, 1824, 430, 2816, 431,
    1859, 432, 3428, 433, 2754, 434, 1948, 435, 3127, 436, 1206, 437, 73,
    438, 3314, 439, 2010, 440, 836, 441, 2072, 442, 11, 443, 572, 445,
    2134, 446, 2568, 447, 3363, 448, 1948, 449, 156, 450, 2506, 451,
    3065, 452, 1210, 453, 3750, 454, 761, 455, 2320, 456, 2382, 457,
    2444, 458, 473, 458, 1044, 459, 898, 460, 2116, 461, 3003, 462, 1083,
    463, 2577, 464, 735, 465, 2941, 466, 2685, 467, 1763, 468, 3448, 470,
    3434, 471, 1392, 472, 3190, 473, 960, 474, 2879, 475, 204, 476, 1377,
    477, 2817, 478, 1771, 479, 837, 480, 2768, 481, 1949, 482, 1750, 483,
    3128, 484, 799, 485, 2011, 486, 775, 487, 3431, 488, 2693, 489, 2073,
    490, 3315, 492, 2631, 493, 2081, 494, 2135, 495, 1103, 496, 2682,
    497, 2569, 498, 899, 499, 3949, 500, 2321, 501, 2445, 502, 2507, 503,
    3066, 504, 2383, 505, 1867, 506, 1640, 507, 2578, 508, 3231, 509,
    1702, 510, 3004, 511, 2935, 512, 3255, 513, 961, 514, 1393, 515, 983,
    516, 2942, 517, 220, 517, 3279, 520, 601, 521, 3191, 522, 856, 523,
    2145, 524, 2880, 525, 3166, 526, 215, 527, 2818, 528, 2629, 529,
    1517, 530, 2691, 531, 2860, 532, 3129, 533, 1021, 534, 3356, 535,
    660, 536, 2694, 537, 3316, 538, 2136, 539, 795, 540, 2198, 541, 2632,
    542, 1789, 543, 3301, 544, 2570, 545, 339, 546, 734, 547, 1221, 548,
    3894, 549, 3035, 550, 2508, 551, 1052, 552, 706, 554, 962, 555, 1703,
    556, 1394, 557, 2368, 558, 3365, 559, 1267, 560, 857, 561, 1827, 562,
    3303, 563, 41, 566, 2871, 566, 2872, 567, 1209, 568, 1876, 569, 1024,
    570, 3935, 571, 805, 572, 3192, 574, 3571, 575, 735, 576, 2435, 577,
    1271, 578, 3633, 580, 1580, 581, 2430, 582, 2373, 583, 2873, 584,
    3130, 585, 2441, 586, 2137, 587, 3775, 588, 2, 589, 1314, 590, 1992,
    591, 2950, 592, 2633, 593, 3442, 594, 544, 595, 2571, 596, 1127, 597,
    1686, 598, 3815, 599, 963, 600, 1973, 601, 2880, 602, 1704, 603,
    1395, 604, 835, 606, 1766, 607, 3255, 609, 3366, 610, 1025, 611,
    1210, 612, 1457, 613, 2586, 614, 942, 616, 1566, 617, 409, 618, 3193,
    619, 1272, 620, 1702, 621, 1503, 623, 2515, 624, 1581, 625, 1342,
    626, 3366, 627, 1073, 628, 3323, 629, 1839, 630, 2374, 631, 3131,
    632, 2895, 633, 964, 634, 3947, 635, 1643, 636, 1315, 637, 1758, 638,
    2962, 639, 1154, 640, 999, 641, 1541, 642, 3799, 643, 2572, 644,
    3650, 645, 1065, 646, 2055, 647, 2537, 648, 2083, 649, 3360, 650,
    2858, 651, 3937, 652, 1404, 653, 2516, 654, 2516, 655, 1458, 656,
    110, 657, 377, 658, 3269, 661, 1636, 662, 3470, 663, 3373, 664, 2186,
    665, 568, 666, 390, 667, 796, 668, 641, 669, 2883, 670, 3527, 671,
    1954, 672, 1893, 672, 965, 673, 1335, 674, 2821, 675, 2466, 676,
    2362, 677, 6, 678, 1644, 679, 1483, 680, 1660, 681, 3132, 682, 3319,
    682, 2451, 683, 241, 684, 599, 685, 1674, 687, 984, 688, 1783, 689,
    1189, 690, 1393, 691, 1715, 693, 2573, 694, 2116, 695, 3309, 697,
    2269, 698, 3458, 699, 1459, 700, 3121, 702, 2508, 702, 2032, 703,
    3509, 704, 2890, 705, 3532, 707, 3891, 708, 1987, 709, 1581, 710,
    983, 711, 3382, 712, 2946, 712, 983, 713, 966, 714, 1527, 715, 1954,
    717, 1151, 718, 2477, 719, 2016, 720, 2884, 721, 1645, 722, 2078,
    723, 2822, 724, 3084, 725, 3320, 726, 1845, 727, 1314, 728, 3508,
    728, 1447, 729, 3133, 729, 2441, 730, 1707, 731, 1813, 733, 2342,
    734, 1735, 735, 2636, 736, 1797, 737, 3517, 738, 1522, 739, 1376,
    740, 1769, 741, 2895, 742, 1325, 743, 3756, 744, 777, 745, 1360, 746,
    3258, 747, 3309, 748, 1921, 750, 1494, 751, 221, 752, 3606, 753,
    3383, 754, 2894, 755, 1584, 756, 124, 757, 963, 758, 2067, 759, 1115,
