%YAML:1.0
---
matches: [ 0, 1012, 3, 1412, 4, 863, 5, 2861, 6, 3499, 6, 224, 8, 2986,
    9, 2682, 10, 1749, 11, 2031, 12, 3835, 15, 1160, 15, 3241, 16, 3545,
    19, 1750, 20, 473, 21, 3293, 22, 2184, 23, 2647, 24, 2060, 25, 2122,
    27, 836, 28, 2038, 29, 665, 30, 2433, 31, 2371, 33, 1751, 34, 1875,
    35, 75, 36, 1999, 37, 2061, 38, 2923, 39, 3187, 40, 1813, 41, 162,
    42, 2197, 43, 2231, 43, 201, 44, 2620, 46, 2051, 47, 2558, 48, 971,
    49, 602, 50, 2479, 51, 1752, 52, 2372, 53, 2479, 54, 1814, 55, 1876,
    56, 2310, 57, 1169, 61, 2869, 62, 2062, 63, 1413, 64, 2911, 64, 2269,
    65, 3347, 66, 1098, 67, 1089, 70, 2198, 72, 1703, 73, 920, 74, 2621,
    75, 1412, 76, 3561, 77, 3155, 78, 2354, 80, 3778, 81, 998, 82, 1753,
    83, 2932, 84, 2888, 85, 1815, 86, 926, 87, 2311, 88, 1877, 89, 3125,
    90, 2063, 91, 2125, 92, 2870, 93, 1279, 94, 2808, 95, 2197, 96, 1763,
    97, 227, 98, 3470, 99, 2622, 100, 254, 101, 2924, 102, 242, 103,
    2995, 104, 2748, 105, 2498, 106, 1754, 107, 1816, 108, 1721, 109,
    1659, 110, 2933, 111, 3632, 112, 1878, 113, 844, 114, 2250, 116,
    2064, 117, 2126, 118, 2188, 119, 2312, 120, 2871, 121, 1455, 122,
    1577, 123, 1445, 124, 2809, 125, 1507, 126, 2747, 127, 2685, 129,
    2623, 130, 358, 131, 1693, 132, 2561, 133, 1755, 134, 2996, 135,
    2499, 136, 1817, 137, 1879, 138, 2437, 139, 1820, 140, 2207, 141,
    1941, 142, 2934, 143, 2003, 144, 2251, 147, 2065, 148, 2127, 149,
    2189, 151, 2872, 152, 1446, 155, 2810, 156, 1508, 158, 2748, 159,
    1570, 161, 276, 162, 2686, 164, 3059, 166, 1102, 167, 2624, 168,
    1756, 169, 3120, 170, 1323, 171, 1818, 172, 2779, 174, 2997, 175,
    829, 176, 1880, 177, 2438, 178, 1942, 179, 1385, 180, 2004, 181,
    1452, 182, 2066, 183, 2128, 184, 1287, 185, 2190, 186, 2252, 187,
    2935, 188, 891, 189, 1447, 190, 1793, 191, 2873, 192, 2817, 193,
    2811, 194, 953, 195, 1571, 196, 564, 197, 2480, 198, 2749, 201, 3344,
    202, 2687, 203, 1757, 204, 3060, 205, 1324, 206, 2625, 208, 830, 209,
    1819, 210, 3938, 211, 1881, 212, 3842, 213, 1386, 214, 3563, 215,
    2998, 216, 3247, 217, 2005, 218, 2753, 219, 2067, 220, 598, 221, 892,
    222, 2129, 223, 2191, 224, 2253, 225, 2315, 226, 1448, 227, 1252,
    228, 2936, 230, 3310, 231, 954, 232, 1622, 233, 2874, 234, 1572, 235,
    2969, 236, 131, 237, 1634, 239, 70, 240, 406, 241, 1153, 245, 3825,
    246, 2688, 247, 1820, 248, 2626, 249, 3061, 250, 2437, 251, 2564,
    252, 225, 253, 1387, 255, 3885, 256, 2502, 257, 2006, 259, 3309, 260,
    1506, 261, 2999, 262, 3248, 263, 2302, 264, 2956, 265, 2192, 266,
    931, 268, 2254, 269, 2316, 272, 2937, 273, 755, 274, 1573, 275, 2875,
    276, 1017, 277, 1635, 278, 3086, 279, 151, 280, 3124, 281, 3859, 282,
    1079, 283, 2868, 284, 2689, 285, 3302, 285, 935, 286, 1452, 287,
    1388, 288, 3608, 289, 2851, 290, 390, 291, 1141, 292, 1945, 294,
    2007, 296, 2887, 297, 3078, 298, 997, 299, 2441, 301, 2255, 302,
    2317, 303, 105, 304, 1455, 305, 1809, 306, 350, 307, 46, 308, 1981,
    309, 2113, 311, 1836, 311, 813, 312, 1636, 313, 2825, 314, 1996, 315,
    2664, 316, 2770, 317, 2814, 318, 1080, 319, 1760, 320, 2487, 321, 11,
    322, 3125, 323, 439, 324, 2040, 325, 2690, 326, 818, 327, 1142, 328,
    2919, 329, 772, 330, 103, 331, 3208, 332, 1872, 333, 2625, 334, 2008,
    335, 277, 336, 2070, 337, 2132, 338, 3346, 339, 3105, 340, 2256, 341,
    2442, 342, 1280, 343, 3607, 344, 2318, 345, 2148, 346, 533, 347,
    1810, 348, 1266, 349, 3028, 350, 1637, 353, 2755, 354, 3188, 355,
    1837, 356, 1699, 357, 3595, 358, 3949, 359, 1761, 360, 2815, 361,
    3309, 362, 2883, 363, 1143, 364, 2753, 365, 3126, 366, 2065, 367, 49,
    368, 3448, 369, 1025, 370, 2952, 371, 107, 372, 2009, 373, 963, 374,
    1205, 375, 2071, 376, 2438, 377, 2133, 378, 2949, 379, 3064, 380,
    2195, 381, 2505, 382, 2257, 383, 2319, 384, 2381, 385, 2443, 386,
    835, 387, 1875, 388, 1422, 389, 1267, 390, 2031, 391, 3002, 392,
    3516, 393, 902, 394, 2940, 395, 1615, 396, 1915, 397, 1991, 399,
    3189, 400, 1762, 401, 2878, 402, 2782, 403, 2760, 404, 1288, 405,
    1824, 406, 2816, 407, 1859, 408, 3428, 409, 2754, 410, 1948, 411,
    3127, 412, 1206, 413, 73, 414, 3314, 415, 2010, 416, 836, 417, 2072,
    418, 11, 419, 572, 421, 2134, 422, 2568, 424, 156, 425, 2506, 426,
    3065, 427, 1210, 428, 3750, 429, 761, 430, 2320, 431, 2382, 432,
    2444, 433, 473, 433, 1044, 434, 898, 435, 2116, 436, 3003, 437, 1083,
    438, 2577, 439, 735, 440, 2941, 442, 1763, 445, 2767, 446, 1392, 447,
    3190, 448, 960, 449, 2879, 450, 204, 451, 1377, 452, 2817, 453, 1771,
    454, 837, 455, 2768, 456, 1949, 457, 1750, 458, 3128, 459, 799, 460,
    2011, 461, 3431, 462, 2693, 463, 775, 464, 2073, 465, 3315, 467,
    2631, 468, 2081, 469, 2135, 470, 1103, 471, 2682, 472, 2569, 473,
    899, 474, 3949, 475, 2321, 476, 2445, 477, 2507, 478, 3066, 479,
    2383, 480, 1867, 481, 1640, 482, 2578, 484, 1702, 485, 3004, 486,
    2935, 487, 3255, 488, 961, 489, 1393, 490, 983, 491, 2942, 493, 601,
    494, 3191, 495, 838, 496, 2145, 497, 2880, 498, 3166, 499, 215, 500,
    2818, 501, 2629, 502, 1517, 503, 2691, 504, 2860, 505, 3129, 506,
    1021, 507, 900, 508, 660, 509, 2694, 510, 3316, 511, 2136, 512, 2198,
    513, 2632, 515, 1789, 516, 3301, 517, 2570, 519, 734, 520, 1221, 521,
    3894, 522, 3035, 523, 2508, 524, 1052, 525, 706, 526, 962, 527, 1703,
    528, 1394, 529, 2368, 530, 3365, 531, 1267, 532, 839, 533, 1827, 534,
    3303, 538, 2872, 539, 1209, 540, 1876, 541, 1024, 542, 3935, 543,
    3192, 544, 805, 545, 3638, 546, 3571, 547, 921, 548, 2435, 549, 1271,
    550, 3633, 552, 61, 553, 2430, 554, 2373, 555, 778, 556, 3130, 557,
    2441, 558, 2137, 559, 3775, 560, 2, 561, 1314, 562, 1992, 563, 2950,
    564, 2633, 565, 3442, 566, 544, 567, 2571, 568, 1127, 569, 1686, 570,
    3815, 571, 963, 572, 1973, 573, 2880, 574, 1704, 575, 1395, 576, 840,
    578, 1766, 579, 3255, 580, 3366, 581, 1025, 582, 1210, 583, 1457,
    584, 2586, 585, 1566, 587, 897, 588, 409, 589, 3193, 590, 1272, 591,
    1702, 592, 1503, 593, 1936, 594, 3559, 595, 1342, 596, 3366, 597,
    1073, 598, 3323, 599, 1839, 600, 2374, 601, 3131, 602, 2895, 603,
    964, 604, 3947, 605, 1643, 606, 1315, 607, 1758, 609, 841, 610, 999,
    611, 1541, 612, 3799, 613, 2572, 614, 435, 615, 1065, 616, 2055, 617,
    2537, 618, 2083, 619, 3360, 620, 2858, 621, 3937, 622, 1404, 623,
    2516, 624, 1458, 625, 2516, 626, 110, 627, 903, 628, 3269, 630, 1636,
    631, 3470, 632, 3699, 633, 2186, 634, 568, 635, 390, 636, 796, 637,
    641, 638, 2883, 639, 3527, 640, 1954, 641, 965, 642, 1335, 643, 2821,
    644, 2466, 645, 2470, 646, 6, 647, 1644, 648, 1483, 649, 1660, 650,
    3132, 651, 3319, 651, 2451, 652, 241, 653, 599, 656, 984, 657, 1783,
    658, 1189, 659, 1393, 660, 1715, 662, 2573, 663, 2116, 664, 3309,
    665, 1538, 666, 2269, 667, 3458, 668, 1459, 669, 3121, 671, 3509,
    672, 2890, 673, 3532, 674, 3891, 675, 1987, 676, 1581, 677, 983, 678,
    3382, 679, 2946, 679, 983, 680, 966, 681, 1527, 682, 1954, 684, 1151,
    685, 2477, 686, 2016, 687, 2884, 688, 1645, 689, 2078, 690, 2822,
    691, 3084, 692, 3320, 693, 1845, 694, 1314, 695, 3508, 695, 1447,
    696, 3133, 696, 2441, 697, 1707, 698, 1813, 700, 2342, 701, 1735,
    702, 2636, 703, 1797, 704, 3517, 705, 1522, 706, 1376, 707, 1769,
    708, 2895, 709, 1325, 710, 3756, 711, 777, 712, 1360, 713, 3258, 714,
    3309, 715, 1921, 717, 1494, 718, 221, 719, 3606, 720, 3383, 721,
    2894, 722, 1584, 723, 124, 724, 963, 725, 2067, 726, 1115, 727, 3647,
    728, 2454, 729, 2885, 731, 2079, 733, 72, 734, 3861, 735, 1305, 736,
    7, 737, 3321, 739, 1306, 740, 1711, 741, 1184, 742, 2027, 743, 2020,
    744, 412, 746, 1367, 747, 2089, 748, 601, 749, 999, 750, 2451, 751,
    3204, 752, 1218, 753, 1006, 754, 1757, 756, 1315, 757, 539, 758,
    3541, 759, 3259, 760, 2306, 761, 3010, 761, 2591, 762, 3384, 763,
    1342, 764, 342, 765, 1814, 766, 2489, 767, 907, 768, 3197, 769, 1313,
