%YAML:1.0
---
type1: [ 3, 3423, 6, 1868, 9, 2431, 10, 1149, 15, 2026, 16, 2055, 18,
    2768, 19, 1869, 20, 2751, 21, 3671, 23, 3796, 24, 2428, 25, 2366, 26,
    2304, 27, 2113, 29, 555, 30, 2587, 32, 3912, 34, 1994, 35, 1870, 36,
    1932, 37, 1813, 38, 391, 39, 1684, 40, 1808, 41, 1746, 42, 2677, 43,
    2535, 44, 2491, 45, 2429, 46, 1127, 47, 2367, 48, 1189, 49, 2305, 50,
    2243, 52, 2181, 54, 452, 55, 3966, 56, 1995, 57, 1499, 58, 1561, 59,
    1933, 60, 2971, 61, 2856, 62, 1747, 63, 1809, 64, 1871, 65, 2678, 66,
    2616, 67, 881, 67, 874, 68, 2554, 69, 2492, 70, 2430, 71, 2368, 72,
    1128, 73, 2306, 74, 2797, 75, 2244, 76, 2182, 77, 1314, 78, 2120, 79,
    1779, 80, 2058, 82, 1996, 83, 2928, 84, 1500, 85, 1934, 86, 1562, 87,
    1872, 88, 1624, 89, 3799, 90, 1748, 91, 1810, 93, 2617, 94, 2555, 95,
    1005, 96, 2493, 97, 1593, 98, 2175, 99, 3798, 100, 2369, 101, 2180,
    102, 2307, 103, 2245, 105, 1787, 106, 2183, 107, 2059, 108, 2121,
    109, 2033, 110, 1997, 111, 1439, 112, 1501, 113, 1935, 114, 1563,
    115, 1625, 116, 1811, 117, 1873, 119, 2476, 120, 1749, 121, 882, 122,
    2618, 123, 944, 124, 2556, 125, 3029, 126, 1006, 127, 2494, 128,
    1068, 129, 2305, 130, 2857, 131, 2370, 132, 1065, 133, 2912, 134,
    3063, 135, 2308, 136, 2246, 137, 1254, 138, 2184, 139, 2122, 140,
    1242, 141, 2060, 142, 1105, 143, 1440, 144, 1998, 145, 722, 146, 804,
    147, 1564, 148, 1936, 149, 1626, 150, 2151, 151, 1750, 152, 1812,
    153, 1874, 154, 821, 155, 2743, 156, 883, 157, 2681, 158, 2619, 160,
    945, 161, 1007, 162, 2557, 163, 2495, 165, 1069, 166, 2433, 167,
    1131, 168, 2371, 169, 3440, 170, 3064, 171, 2309, 172, 698, 173,
    1255, 174, 2247, 175, 2185, 176, 2868, 177, 1317, 178, 2123, 180,
    1379, 181, 2996, 182, 760, 183, 1441, 184, 2880, 185, 1937, 186,
    1999, 188, 1565, 189, 1627, 190, 1689, 191, 1751, 192, 1813, 193,
    1875, 194, 822, 195, 2744, 196, 884, 197, 2682, 198, 946, 199, 2620,
    201, 346, 202, 1008, 203, 2558, 204, 2496, 205, 195, 206, 1070, 207,
    1844, 208, 2434, 209, 1132, 210, 2372, 211, 3506, 212, 2310, 213,
    2931, 214, 1256, 215, 2248, 216, 699, 217, 2186, 218, 3335, 219,
    2869, 220, 1380, 221, 2124, 222, 761, 223, 1442, 224, 2997, 225,
    1504, 226, 1938, 227, 2000, 228, 146, 229, 1628, 230, 172, 231, 1752,
    232, 1814, 233, 1876, 234, 1958, 235, 823, 236, 2745, 237, 885, 238,
    2683, 239, 947, 240, 2621, 241, 1242, 242, 1009, 243, 2559, 244,
    1872, 245, 1071, 246, 2051, 247, 2435, 248, 638, 249, 1133, 250,
    2373, 251, 116, 252, 3436, 253, 2311, 254, 2932, 255, 1257, 256,
    2249, 257, 2095, 258, 123, 259, 2125, 260, 2187, 262, 1713, 263,
    2870, 264, 762, 265, 1443, 266, 1505, 267, 2526, 268, 3114, 269,
    1629, 270, 2416, 271, 1753, 272, 1815, 273, 1877, 274, 1939, 275,
    2808, 276, 824, 277, 2746, 278, 886, 279, 2684, 280, 948, 281, 2622,
    283, 3110, 284, 2560, 285, 1072, 288, 638, 289, 2436, 291, 1196, 292,
    2374, 293, 59, 294, 1258, 295, 2312, 296, 2933, 297, 2250, 298, 1597,
    299, 3277, 300, 3541, 301, 2126, 302, 2192, 303, 1444, 304, 2042,
    305, 2871, 306, 1506, 307, 1568, 308, 288, 309, 3716, 310, 1630, 311,
    1692, 312, 1754, 313, 1816, 314, 1878, 315, 1940, 316, 825, 317,
    2809, 319, 2747, 320, 887, 321, 2685, 322, 949, 323, 2623, 325, 2083,
    326, 2561, 327, 3058, 328, 1073, 329, 2499, 331, 639, 332, 2437, 333,
    2996, 334, 1197, 335, 2945, 336, 613, 337, 1259, 338, 2313, 339,
    2251, 340, 2934, 341, 2950, 343, 3790, 344, 2596, 345, 3895, 346,
    1445, 347, 2127, 348, 1507, 349, 2174, 350, 2872, 352, 1569, 353,
    3748, 354, 1693, 355, 1755, 356, 227, 357, 2003, 358, 1817, 359,
    1879, 360, 826, 361, 2810, 362, 888, 363, 2748, 364, 1629, 365, 1642,
    366, 2686, 367, 563, 369, 2624, 370, 579, 371, 1012, 372, 3059, 373,
    1074, 374, 2562, 376, 641, 377, 1982, 378, 2500, 379, 3527, 380,
    1198, 381, 2438, 382, 2997, 383, 49, 384, 3967, 385, 2785, 386, 3551,
    387, 2314, 388, 2252, 389, 2935, 390, 1384, 391, 2190, 392, 1446,
    393, 2128, 394, 999, 395, 1508, 396, 1570, 397, 2066, 398, 2873, 399,
    3186, 400, 1694, 401, 1756, 402, 1880, 403, 1468, 404, 2004, 405,
    1818, 406, 827, 407, 2811, 408, 631, 409, 889, 410, 3476, 411, 2749,
    412, 1014, 413, 2687, 414, 3122, 415, 2663, 416, 1013, 417, 2625,
    418, 1921, 419, 2563, 420, 3060, 421, 3895, 422, 2636, 423, 2501,
    424, 1199, 425, 2439, 426, 2174, 428, 2377, 429, 2590, 430, 999, 431,
    1323, 432, 2315, 433, 1385, 434, 2253, 435, 2368, 436, 1447, 437,
    2191, 438, 766, 439, 1509, 440, 2129, 441, 3247, 443, 1571, 444,
    2067, 445, 1633, 446, 1695, 447, 1757, 448, 1819, 449, 1125, 450,
    1943, 451, 2005, 452, 2874, 453, 828, 454, 3360, 455, 3762, 456, 890,
    457, 2867, 458, 3538, 459, 952, 460, 2688, 461, 1091, 462, 2095, 463,
    1014, 464, 653, 466, 2626, 467, 1109, 468, 2564, 469, 1012, 470,
    3061, 471, 1481, 472, 2502, 473, 1200, 474, 2440, 475, 396, 476, 705,
    477, 1262, 478, 2276, 480, 2378, 481, 1668, 482, 2316, 483, 760, 484,
    2254, 485, 767, 486, 1448, 487, 2192, 488, 3255, 489, 1510, 490, 701,
    491, 1572, 492, 2728, 493, 2006, 494, 3603, 495, 2692, 496, 829, 497,
    1696, 498, 1758, 499, 1820, 500, 1126, 501, 1944, 502, 2875, 503,
    2511, 504, 2067, 505, 891, 506, 2853, 507, 953, 508, 3516, 509, 3144,
    510, 1015, 511, 2689, 512, 1537, 513, 1087, 514, 967, 515, 1095, 516,
    1139, 517, 2867, 518, 3062, 519, 2503, 520, 1201, 521, 397, 522, 706,
    523, 1263, 524, 2441, 525, 3000, 526, 1829, 527, 2379, 528, 3447,
    529, 2317, 530, 768, 531, 1449, 532, 2255, 533, 459, 534, 1511, 535,
    797, 536, 3859, 537, 1573, 538, 2631, 539, 3133, 540, 2348, 541,
    1670, 542, 2427, 543, 2822, 544, 1945, 545, 2007, 546, 3004, 547,
    708, 548, 830, 549, 2855, 550, 2589, 551, 892, 552, 1875, 553, 3578,
    554, 954, 555, 2752, 556, 1783, 557, 1016, 558, 2690, 559, 3125, 560,
    1078, 561, 235, 562, 645, 564, 1140, 565, 2853, 566, 3063, 568, 2071,
    569, 2504, 570, 955, 571, 1264, 572, 2442, 573, 1326, 574, 2380, 575,
    1104, 576, 1388, 577, 3745, 578, 769, 579, 1450, 580, 2318, 581, 460,
    582, 1512, 583, 2256, 584, 1574, 585, 2132, 586, 3668, 587, 1445,
    588, 1636, 589, 180, 590, 3649, 591, 3011, 591, 15, 592, 2008, 593,
    2070, 594, 831, 595, 3716, 596, 1946, 597, 3250, 598, 2873, 599,
    2152, 600, 893, 601, 267, 602, 955, 603, 3188, 604, 584, 605, 2753,
    606, 769, 607, 745, 608, 0, 609, 2691, 610, 3126, 611, 646, 612,
    1141, 613, 2629, 614, 1361, 615, 2214, 617, 73, 618, 3064, 619, 3444,
    620, 3608, 621, 2505, 623, 2443, 624, 1327, 625, 2381, 626, 1389,
    627, 932, 628, 3313, 629, 770, 630, 1451, 631, 2319, 632, 3922, 633,
    2257, 634, 1513, 635, 1575, 636, 2195, 637, 832, 638, 1637, 639,
    1699, 640, 1761, 641, 2071, 642, 2133, 643, 2940, 644, 778, 645,
    2145, 646, 965, 647, 1947, 648, 2009, 649, 3251, 650, 1613, 651, 894,
    652, 2878, 653, 956, 654, 2816, 655, 768, 656, 3189, 658, 2328, 659,
    2754, 660, 1836, 661, 2692, 662, 3330, 663, 3127, 664, 1142, 665,
    2630, 666, 1204, 667, 2568, 668, 709, 669, 1629, 670, 2506, 671,
    3065, 672, 2741, 673, 2444, 674, 771, 675, 1390, 676, 2382, 677,
    3003, 678, 1436, 679, 1452, 680, 2320, 681, 3314, 682, 1514, 683,
    2258, 684, 1576, 685, 639, 686, 2196, 687, 2276, 688, 833, 689, 1700,
    690, 1762, 691, 2072, 692, 2134, 693, 2941, 694, 1824, 695, 1886,
    696, 1948, 697, 2010, 699, 895, 700, 2879, 701, 3252, 702, 957, 703,
    3741, 704, 2817, 705, 3119, 706, 3190, 707, 2755, 708, 2803, 709,
    1081, 710, 3331, 711, 2693, 712, 1143, 713, 3128, 714, 1011, 715,
    2631, 716, 1205, 717, 3377, 718, 710, 719, 1267, 720, 2569, 721,
    2507, 722, 3066, 723, 3752, 724, 772, 725, 1309, 726, 2445, 727,
    2793, 728, 2383, 729, 1453, 730, 2321, 731, 3004, 732, 2763, 733,
    1577, 734, 2259, 735, 2129, 736, 278, 737, 834, 738, 3756, 739, 2197,
    740, 1701, 741, 1763, 742, 1825, 743, 2073, 744, 2135, 745, 2942,
