%YAML:1.0
---
type1: [ 0, 2489, 2, 982, 4, 1184, 5, 1422, 7, 3232, 8, 2052, 9, 2808,
    11, 2178, 12, 1600, 14, 1091, 15, 1841, 17, 232, 18, 3556, 19, 3713,
    20, 2804, 23, 2551, 24, 2489, 25, 1382, 26, 2053, 27, 982, 28, 3125,
    29, 1411, 30, 2179, 31, 1311, 32, 2117, 33, 1953, 34, 932, 35, 3922,
    36, 2491, 38, 2781, 40, 237, 41, 1976, 42, 3661, 43, 3172, 44, 2552,
    45, 2490, 46, 2428, 47, 521, 48, 2304, 49, 2242, 50, 1493, 51, 2180,
    52, 2118, 53, 2354, 54, 2056, 55, 3623, 56, 1205, 57, 3817, 59, 194,
    60, 1342, 61, 1870, 62, 1622, 63, 1684, 64, 1746, 65, 1808, 66, 2677,
    67, 2615, 68, 3111, 69, 2988, 69, 3003, 71, 2429, 72, 2369, 73, 2367,
    74, 1189, 75, 2305, 76, 2114, 77, 3816, 78, 2181, 79, 2606, 80, 2119,
    81, 1343, 82, 2057, 83, 779, 84, 1148, 86, 2740, 87, 1499, 88, 1561,
    89, 1809, 90, 1871, 91, 1623, 92, 1685, 93, 1747, 94, 2678, 95, 1366,
    96, 2616, 98, 1626, 99, 3929, 100, 2927, 101, 2430, 102, 2368, 103,
    2306, 104, 1190, 105, 2865, 106, 3680, 107, 1252, 108, 2182, 109,
    2120, 110, 2803, 111, 2643, 112, 2058, 113, 3279, 114, 2832, 115,
    1500, 116, 1934, 117, 1562, 118, 1810, 119, 1872, 120, 2741, 121,
    1624, 122, 1686, 123, 1748, 124, 2679, 125, 881, 126, 2617, 128,
    2555, 129, 2940, 130, 1541, 132, 2175, 133, 2928, 134, 2369, 135,
    1129, 136, 2307, 137, 1191, 138, 2866, 139, 2245, 140, 1253, 141,
    516, 142, 1315, 143, 3345, 144, 2059, 145, 2804, 146, 3017, 147,
    1501, 148, 1935, 149, 840, 150, 1563, 151, 1625, 152, 459, 153, 2368,
    154, 2145, 155, 1687, 157, 2680, 158, 882, 159, 2618, 160, 2514, 161,
    2556, 162, 193, 163, 721, 164, 2832, 165, 2305, 166, 2370, 167, 2929,
    168, 1130, 169, 2912, 170, 2308, 171, 3063, 172, 2246, 173, 2867,
    174, 3058, 175, 1599, 176, 1316, 177, 2791, 178, 1242, 179, 1126,
    180, 2060, 181, 2805, 182, 1152, 183, 1998, 184, 1214, 185, 1564,
    186, 1626, 187, 3750, 188, 1936, 189, 1688, 190, 1914, 192, 821, 193,
    883, 194, 645, 195, 3054, 196, 2619, 197, 945, 198, 2557, 199, 1007,
    200, 2495, 201, 194, 202, 2203, 203, 2433, 205, 1131, 206, 2371, 207,
    2930, 208, 3064, 209, 2309, 210, 3449, 211, 2247, 212, 3059, 213,
    3750, 214, 2868, 216, 1317, 217, 3125, 218, 220, 219, 1630, 220,
    2996, 221, 419, 222, 1999, 223, 481, 224, 1565, 225, 658, 227, 1627,
    228, 1689, 229, 1751, 230, 1813, 231, 1875, 232, 822, 233, 2744, 234,
    3848, 235, 884, 236, 3623, 237, 946, 238, 2620, 239, 3055, 240, 2781,
    241, 2558, 242, 1008, 243, 2496, 244, 2993, 245, 1535, 246, 1853,
    247, 2434, 248, 1132, 250, 2372, 251, 2557, 252, 2310, 253, 2931,
    254, 2651, 255, 2248, 256, 520, 257, 2186, 258, 2764, 259, 2869, 260,
    1699, 261, 2997, 262, 1546, 263, 487, 264, 1761, 265, 2883, 266,
    1566, 267, 2856, 268, 2000, 269, 1958, 270, 1628, 271, 1690, 272,
    371, 273, 1814, 274, 1876, 275, 823, 276, 1595, 277, 3666, 278, 1018,
    279, 885, 280, 2683, 281, 947, 282, 2621, 283, 1171, 284, 3056, 286,
    1009, 287, 2559, 288, 1071, 289, 1872, 290, 2994, 291, 638, 292,
    2435, 294, 1133, 295, 2373, 296, 970, 297, 2273, 298, 2932, 299,
    1538, 301, 2249, 302, 984, 302, 3420, 303, 2187, 305, 2125, 306,
    2870, 307, 762, 308, 3727, 309, 745, 310, 3932, 311, 3114, 312, 271,
    314, 1877, 315, 1939, 316, 1737, 317, 2213, 319, 1815, 320, 2808,
    321, 824, 324, 886, 325, 3119, 326, 2684, 327, 948, 328, 2622, 330,
    3110, 331, 3057, 333, 2560, 334, 1072, 337, 638, 338, 2436, 339,
    2995, 340, 1538, 341, 2374, 342, 1515, 344, 9, 345, 2933, 346, 3514,
    347, 3277, 348, 2545, 349, 2126, 350, 2192, 351, 1444, 352, 3898,
    353, 2871, 354, 1506, 355, 1477, 356, 1018, 357, 2242, 358, 2431,
    359, 75, 360, 1878, 361, 1940, 362, 1780, 363, 858, 364, 2809, 366,
    887, 367, 3120, 368, 2685, 369, 1422, 370, 3556, 371, 2623, 373,
    2083, 374, 2914, 375, 2561, 376, 1073, 377, 3307, 378, 2499, 379,
    2688, 381, 639, 382, 2437, 383, 2996, 384, 1744, 385, 2945, 386,
    3666, 387, 1259, 388, 3931, 389, 501, 390, 2122, 391, 2934, 392,
    3245, 393, 2596, 394, 3028, 394, 3921, 395, 1954, 396, 1445, 397,
    2127, 398, 1507, 399, 2503, 400, 1846, 401, 2174, 402, 2872, 403,
    964, 404, 715, 405, 1693, 406, 1755, 407, 474, 408, 1879, 409, 1941,
    410, 842, 411, 2810, 412, 3183, 413, 1599, 414, 888, 415, 2748, 416,
    3651, 417, 3121, 419, 3814, 420, 2686, 422, 2624, 423, 2054, 424,
    2562, 425, 412, 426, 1074, 427, 1953, 428, 1982, 429, 2500, 430,
    3308, 432, 2438, 433, 641, 434, 2464, 435, 2997, 436, 49, 437, 1893,
    438, 2971, 439, 2894, 440, 2551, 441, 2252, 442, 2935, 443, 2190,
    444, 3246, 446, 1446, 447, 2128, 448, 1508, 449, 3571, 450, 2066,
    451, 2873, 452, 2694, 453, 2853, 454, 1885, 455, 1756, 456, 1818,
    457, 1880, 458, 1942, 459, 2004, 460, 813, 461, 2811, 462, 3184, 463,
    889, 464, 2749, 465, 174, 466, 1014, 467, 2687, 468, 3122, 470, 796,
    471, 3666, 472, 966, 473, 2625, 474, 1075, 475, 2563, 476, 3060, 477,
    797, 478, 2636, 479, 2501, 480, 3309, 481, 2148, 482, 670, 483, 2174,
    484, 3065, 485, 1965, 486, 982, 487, 1323, 488, 2315, 489, 1385, 490,
    2253, 491, 2368, 492, 1447, 493, 2191, 494, 1509, 495, 2129, 496,
    2706, 498, 1571, 499, 3932, 500, 2005, 501, 2067, 502, 2066, 503,
    1757, 504, 1819, 505, 1125, 506, 2846, 507, 2874, 508, 864, 510,
    3360, 511, 3762, 512, 890, 513, 2867, 514, 3538, 515, 1091, 516, 952,
    517, 2688, 518, 653, 519, 3628, 520, 3967, 521, 1014, 522, 2626, 523,
    3814, 524, 2564, 525, 3061, 526, 2054, 527, 1911, 528, 2502, 529,
    1600, 530, 1655, 531, 2911, 532, 396, 533, 3066, 534, 1623, 535,
    2276, 536, 1324, 537, 2316, 538, 394, 539, 2254, 540, 3882, 541,
    1657, 542, 2192, 543, 3255, 544, 1510, 545, 1572, 546, 701, 547, 412,
    548, 2728, 549, 3345, 550, 1758, 551, 2847, 552, 2006, 553, 3603,
    554, 891, 555, 1820, 556, 1126, 557, 2875, 559, 2906, 560, 2511, 561,
    2067, 562, 2853, 563, 953, 564, 3516, 565, 996, 566, 1015, 567, 2689,
    568, 1537, 570, 582, 571, 967, 572, 1087, 573, 796, 574, 170, 575,
    2867, 576, 3062, 577, 982, 578, 2026, 579, 2503, 580, 397, 581, 706,
    582, 1797, 583, 2441, 584, 2379, 585, 3000, 586, 1360, 587, 1325,
    588, 2317, 589, 614, 590, 768, 591, 1046, 592, 2255, 594, 1511, 595,
    1573, 596, 797, 597, 3859, 598, 459, 599, 2631, 600, 3004, 601, 3133,
    603, 964, 604, 3857, 605, 3306, 606, 2822, 607, 1120, 608, 2007, 609,
    80, 610, 983, 611, 2855, 612, 2489, 613, 2907, 614, 1875, 615, 3578,
    616, 736, 617, 954, 618, 2752, 619, 299, 620, 1016, 621, 2427, 622,
    2690, 623, 3125, 624, 2341, 625, 235, 626, 1681, 629, 645, 630, 1629,
    631, 2853, 632, 3063, 634, 2504, 635, 955, 636, 1877, 637, 2442, 638,
    1326, 639, 2380, 640, 1104, 641, 3745, 642, 1388, 643, 2318, 644,
    769, 645, 1450, 646, 2256, 647, 460, 648, 1512, 649, 3668, 651, 1574,
    652, 1636, 653, 2132, 654, 1445, 655, 180, 656, 316, 657, 3011, 658,
    2477, 659, 305, 660, 2008, 661, 2070, 662, 3250, 663, 2873, 665, 165,
    666, 267, 667, 955, 668, 3188, 669, 1080, 670, 2753, 671, 3000, 672,
    769, 673, 2691, 674, 3126, 676, 3171, 677, 2629, 678, 2633, 679,
    3233, 680, 2214, 682, 797, 682, 3147, 683, 1685, 684, 2505, 685,
    3064, 686, 956, 687, 1265, 688, 3600, 689, 2443, 690, 2381, 692,
    3534, 693, 932, 694, 3313, 695, 770, 696, 1451, 697, 2319, 698, 798,
    699, 1987, 700, 2257, 701, 87, 702, 1637, 703, 2133, 704, 2195, 706,
    2853, 707, 832, 708, 1699, 709, 1761, 710, 2145, 711, 778, 712, 3060,
    713, 2009, 714, 2071, 715, 2940, 716, 3251, 717, 1863, 718, 894, 719,
    2878, 720, 192, 720, 2304, 721, 956, 722, 2816, 723, 3189, 724, 3438,
    725, 768, 726, 2328, 727, 1834, 728, 2754, 729, 1080, 730, 2692, 731,
    3127, 732, 646, 733, 2630, 734, 2305, 734, 2379, 735, 1751, 736,
    2568, 737, 3376, 740, 3065, 741, 1266, 742, 2506, 743, 2444, 744,
    2657, 745, 771, 746, 2382, 747, 3003, 748, 1704, 749, 1452, 750,
    2320, 751, 2787, 752, 2589, 753, 1073, 754, 2100, 755, 833, 756, 639,
